t = 1
U = 2
1: 2 3 
2: 1 4 5 
3: 4 1 17 
4: 3 2 6 18 
5: 2 6 7 
6: 4 5 8 19 
7: 5 8 9 
8: 6 7 10 20 
9: 7 10 11 
10: 8 9 12 21 
11: 9 12 13 
12: 10 11 14 22 
13: 11 14 15 
14: 12 13 16 23 
15: 13 16 
16: 14 15 24 
17: 18 3 25 
18: 17 4 19 26 
19: 18 6 20 27 
20: 19 8 21 28 
21: 20 10 22 29 
22: 21 12 23 30 
23: 22 14 24 31 
24: 23 16 32 
25: 26 17 33 
26: 25 18 27 34 
27: 26 19 28 35 
28: 27 20 29 36 
29: 28 21 30 37 
30: 29 22 31 38 
31: 30 23 32 39 
32: 31 24 40 
33: 34 25 41 
34: 33 26 35 42 
35: 34 27 36 43 
36: 35 28 37 44 
37: 36 29 38 45 
38: 37 30 39 46 
39: 38 31 40 47 
40: 39 32 48 
41: 42 33 49 
42: 41 34 43 50 
43: 42 35 44 51 
44: 43 36 45 52 
45: 44 37 46 53 
46: 45 38 47 54 
47: 46 39 48 55 
48: 47 40 56 
49: 50 41 57 
50: 49 42 51 58 
51: 50 43 52 59 
52: 51 44 53 60 
53: 52 45 54 61 
54: 53 46 55 62 
55: 54 47 56 63 
56: 55 48 64 
57: 58 49 
58: 57 50 59 
59: 58 51 60 
60: 59 52 61 
61: 60 53 62 
62: 61 54 63 
63: 62 55 64 
64: 63 56 
