32.000000 1 0 1 2
0.500000 1 3 1 2
0.500000 65 3 1 2
0.500000 1 3 1 2 65 3 1 2
0.500000 2 3 1 2
0.500000 66 3 1 2
0.500000 2 3 1 2 66 3 1 2
0.500000 3 3 1 2
0.500000 67 3 1 2
0.500000 3 3 1 2 67 3 1 2
0.500000 4 3 1 2
0.500000 68 3 1 2
0.500000 4 3 1 2 68 3 1 2
0.500000 5 3 1 2
0.500000 69 3 1 2
0.500000 5 3 1 2 69 3 1 2
0.500000 6 3 1 2
0.500000 70 3 1 2
0.500000 6 3 1 2 70 3 1 2
0.500000 7 3 1 2
0.500000 71 3 1 2
0.500000 7 3 1 2 71 3 1 2
0.500000 8 3 1 2
0.500000 72 3 1 2
0.500000 8 3 1 2 72 3 1 2
0.500000 9 3 1 2
0.500000 73 3 1 2
0.500000 9 3 1 2 73 3 1 2
0.500000 10 3 1 2
0.500000 74 3 1 2
0.500000 10 3 1 2 74 3 1 2
0.500000 11 3 1 2
0.500000 75 3 1 2
0.500000 11 3 1 2 75 3 1 2
0.500000 12 3 1 2
0.500000 76 3 1 2
0.500000 12 3 1 2 76 3 1 2
0.500000 13 3 1 2
0.500000 77 3 1 2
0.500000 13 3 1 2 77 3 1 2
0.500000 14 3 1 2
0.500000 78 3 1 2
0.500000 14 3 1 2 78 3 1 2
0.500000 15 3 1 2
0.500000 79 3 1 2
0.500000 15 3 1 2 79 3 1 2
0.500000 16 3 1 2
0.500000 80 3 1 2
0.500000 16 3 1 2 80 3 1 2
0.500000 17 3 1 2
0.500000 81 3 1 2
0.500000 17 3 1 2 81 3 1 2
0.500000 18 3 1 2
0.500000 82 3 1 2
0.500000 18 3 1 2 82 3 1 2
0.500000 19 3 1 2
0.500000 83 3 1 2
0.500000 19 3 1 2 83 3 1 2
0.500000 20 3 1 2
0.500000 84 3 1 2
0.500000 20 3 1 2 84 3 1 2
0.500000 21 3 1 2
0.500000 85 3 1 2
0.500000 21 3 1 2 85 3 1 2
0.500000 22 3 1 2
0.500000 86 3 1 2
0.500000 22 3 1 2 86 3 1 2
0.500000 23 3 1 2
0.500000 87 3 1 2
0.500000 23 3 1 2 87 3 1 2
0.500000 24 3 1 2
0.500000 88 3 1 2
0.500000 24 3 1 2 88 3 1 2
0.500000 25 3 1 2
0.500000 89 3 1 2
0.500000 25 3 1 2 89 3 1 2
0.500000 26 3 1 2
0.500000 90 3 1 2
0.500000 26 3 1 2 90 3 1 2
0.500000 27 3 1 2
0.500000 91 3 1 2
0.500000 27 3 1 2 91 3 1 2
0.500000 28 3 1 2
0.500000 92 3 1 2
0.500000 28 3 1 2 92 3 1 2
0.500000 29 3 1 2
0.500000 93 3 1 2
0.500000 29 3 1 2 93 3 1 2
0.500000 30 3 1 2
0.500000 94 3 1 2
0.500000 30 3 1 2 94 3 1 2
0.500000 31 3 1 2
0.500000 95 3 1 2
0.500000 31 3 1 2 95 3 1 2
0.500000 32 3 1 2
0.500000 96 3 1 2
0.500000 32 3 1 2 96 3 1 2
0.500000 33 3 1 2
0.500000 97 3 1 2
0.500000 33 3 1 2 97 3 1 2
0.500000 34 3 1 2
0.500000 98 3 1 2
0.500000 34 3 1 2 98 3 1 2
0.500000 35 3 1 2
0.500000 99 3 1 2
0.500000 35 3 1 2 99 3 1 2
0.500000 36 3 1 2
0.500000 100 3 1 2
0.500000 36 3 1 2 100 3 1 2
0.500000 37 3 1 2
0.500000 101 3 1 2
0.500000 37 3 1 2 101 3 1 2
0.500000 38 3 1 2
0.500000 102 3 1 2
0.500000 38 3 1 2 102 3 1 2
0.500000 39 3 1 2
0.500000 103 3 1 2
0.500000 39 3 1 2 103 3 1 2
0.500000 40 3 1 2
0.500000 104 3 1 2
0.500000 40 3 1 2 104 3 1 2
0.500000 41 3 1 2
0.500000 105 3 1 2
0.500000 41 3 1 2 105 3 1 2
0.500000 42 3 1 2
0.500000 106 3 1 2
0.500000 42 3 1 2 106 3 1 2
0.500000 43 3 1 2
0.500000 107 3 1 2
0.500000 43 3 1 2 107 3 1 2
0.500000 44 3 1 2
0.500000 108 3 1 2
0.500000 44 3 1 2 108 3 1 2
0.500000 45 3 1 2
0.500000 109 3 1 2
0.500000 45 3 1 2 109 3 1 2
0.500000 46 3 1 2
0.500000 110 3 1 2
0.500000 46 3 1 2 110 3 1 2
0.500000 47 3 1 2
0.500000 111 3 1 2
0.500000 47 3 1 2 111 3 1 2
0.500000 48 3 1 2
0.500000 112 3 1 2
0.500000 48 3 1 2 112 3 1 2
0.500000 49 3 1 2
0.500000 113 3 1 2
0.500000 49 3 1 2 113 3 1 2
0.500000 50 3 1 2
0.500000 114 3 1 2
0.500000 50 3 1 2 114 3 1 2
0.500000 51 3 1 2
0.500000 115 3 1 2
0.500000 51 3 1 2 115 3 1 2
0.500000 52 3 1 2
0.500000 116 3 1 2
0.500000 52 3 1 2 116 3 1 2
0.500000 53 3 1 2
0.500000 117 3 1 2
0.500000 53 3 1 2 117 3 1 2
0.500000 54 3 1 2
0.500000 118 3 1 2
0.500000 54 3 1 2 118 3 1 2
0.500000 55 3 1 2
0.500000 119 3 1 2
0.500000 55 3 1 2 119 3 1 2
0.500000 56 3 1 2
0.500000 120 3 1 2
0.500000 56 3 1 2 120 3 1 2
0.500000 57 3 1 2
0.500000 121 3 1 2
0.500000 57 3 1 2 121 3 1 2
0.500000 58 3 1 2
0.500000 122 3 1 2
0.500000 58 3 1 2 122 3 1 2
0.500000 59 3 1 2
0.500000 123 3 1 2
0.500000 59 3 1 2 123 3 1 2
0.500000 60 3 1 2
0.500000 124 3 1 2
0.500000 60 3 1 2 124 3 1 2
0.500000 61 3 1 2
0.500000 125 3 1 2
0.500000 61 3 1 2 125 3 1 2
0.500000 62 3 1 2
0.500000 126 3 1 2
0.500000 62 3 1 2 126 3 1 2
0.500000 63 3 1 2
0.500000 127 3 1 2
0.500000 63 3 1 2 127 3 1 2
0.500000 64 3 1 2
0.500000 128 3 1 2
0.500000 64 3 1 2 128 3 1 2
-0.500000 1 3 1 2 2 3 1 2 1 1 1 2 2 1 1 2
0.500000 1 1 1 2 2 1 1 2
-0.500000 65 3 1 2 66 3 1 2 65 1 1 2 66 1 1 2
0.500000 65 1 1 2 66 1 1 2
0.500000 1 3 1 2 2 3 1 2 3 3 1 2 1 1 1 2 3 1 1 2
-0.500000 2 3 1 2 1 1 1 2 3 1 1 2
0.500000 65 3 1 2 66 3 1 2 67 3 1 2 65 1 1 2 67 1 1 2
-0.500000 66 3 1 2 65 1 1 2 67 1 1 2
0.500000 2 3 1 2 3 3 1 2 4 3 1 2 2 1 1 2 4 1 1 2
-0.500000 3 3 1 2 2 1 1 2 4 1 1 2
0.500000 66 3 1 2 67 3 1 2 68 3 1 2 66 1 1 2 68 1 1 2
-0.500000 67 3 1 2 66 1 1 2 68 1 1 2
-0.500000 2 3 1 2 3 3 1 2 4 3 1 2 5 3 1 2 2 1 1 2 5 1 1 2
0.500000 3 3 1 2 4 3 1 2 2 1 1 2 5 1 1 2
-0.500000 66 3 1 2 67 3 1 2 68 3 1 2 69 3 1 2 66 1 1 2 69 1 1 2
0.500000 67 3 1 2 68 3 1 2 66 1 1 2 69 1 1 2
-0.500000 3 3 1 2 4 3 1 2 3 1 1 2 4 1 1 2
0.500000 3 1 1 2 4 1 1 2
-0.500000 67 3 1 2 68 3 1 2 67 1 1 2 68 1 1 2
0.500000 67 1 1 2 68 1 1 2
0.500000 3 3 1 2 4 3 1 2 5 3 1 2 6 3 1 2 7 3 1 2 8 3 1 2 9 3 1 2 10 3 1 2 11 3 1 2 12 3 1 2 13 3 1 2 14 3 1 2 15 3 1 2 16 3 1 2 17 3 1 2 3 1 1 2 17 1 1 2
-0.500000 4 3 1 2 5 3 1 2 6 3 1 2 7 3 1 2 8 3 1 2 9 3 1 2 10 3 1 2 11 3 1 2 12 3 1 2 13 3 1 2 14 3 1 2 15 3 1 2 16 3 1 2 3 1 1 2 17 1 1 2
0.500000 67 3 1 2 68 3 1 2 69 3 1 2 70 3 1 2 71 3 1 2 72 3 1 2 73 3 1 2 74 3 1 2 75 3 1 2 76 3 1 2 77 3 1 2 78 3 1 2 79 3 1 2 80 3 1 2 81 3 1 2 67 1 1 2 81 1 1 2
-0.500000 68 3 1 2 69 3 1 2 70 3 1 2 71 3 1 2 72 3 1 2 73 3 1 2 74 3 1 2 75 3 1 2 76 3 1 2 77 3 1 2 78 3 1 2 79 3 1 2 80 3 1 2 67 1 1 2 81 1 1 2
0.500000 4 3 1 2 5 3 1 2 6 3 1 2 4 1 1 2 6 1 1 2
-0.500000 5 3 1 2 4 1 1 2 6 1 1 2
0.500000 68 3 1 2 69 3 1 2 70 3 1 2 68 1 1 2 70 1 1 2
-0.500000 69 3 1 2 68 1 1 2 70 1 1 2
0.500000 4 3 1 2 5 3 1 2 6 3 1 2 7 3 1 2 8 3 1 2 9 3 1 2 10 3 1 2 11 3 1 2 12 3 1 2 13 3 1 2 14 3 1 2 15 3 1 2 16 3 1 2 17 3 1 2 18 3 1 2 4 1 1 2 18 1 1 2
-0.500000 5 3 1 2 6 3 1 2 7 3 1 2 8 3 1 2 9 3 1 2 10 3 1 2 11 3 1 2 12 3 1 2 13 3 1 2 14 3 1 2 15 3 1 2 16 3 1 2 17 3 1 2 4 1 1 2 18 1 1 2
0.500000 68 3 1 2 69 3 1 2 70 3 1 2 71 3 1 2 72 3 1 2 73 3 1 2 74 3 1 2 75 3 1 2 76 3 1 2 77 3 1 2 78 3 1 2 79 3 1 2 80 3 1 2 81 3 1 2 82 3 1 2 68 1 1 2 82 1 1 2
-0.500000 69 3 1 2 70 3 1 2 71 3 1 2 72 3 1 2 73 3 1 2 74 3 1 2 75 3 1 2 76 3 1 2 77 3 1 2 78 3 1 2 79 3 1 2 80 3 1 2 81 3 1 2 68 1 1 2 82 1 1 2
-0.500000 5 3 1 2 6 3 1 2 5 1 1 2 6 1 1 2
0.500000 5 1 1 2 6 1 1 2
-0.500000 69 3 1 2 70 3 1 2 69 1 1 2 70 1 1 2
0.500000 69 1 1 2 70 1 1 2
0.500000 5 3 1 2 6 3 1 2 7 3 1 2 5 1 1 2 7 1 1 2
-0.500000 6 3 1 2 5 1 1 2 7 1 1 2
0.500000 69 3 1 2 70 3 1 2 71 3 1 2 69 1 1 2 71 1 1 2
-0.500000 70 3 1 2 69 1 1 2 71 1 1 2
0.500000 6 3 1 2 7 3 1 2 8 3 1 2 6 1 1 2 8 1 1 2
-0.500000 7 3 1 2 6 1 1 2 8 1 1 2
0.500000 70 3 1 2 71 3 1 2 72 3 1 2 70 1 1 2 72 1 1 2
-0.500000 71 3 1 2 70 1 1 2 72 1 1 2
-0.500000 6 3 1 2 7 3 1 2 8 3 1 2 9 3 1 2 10 3 1 2 11 3 1 2 12 3 1 2 13 3 1 2 14 3 1 2 15 3 1 2 16 3 1 2 17 3 1 2 18 3 1 2 19 3 1 2 6 1 1 2 19 1 1 2
0.500000 7 3 1 2 8 3 1 2 9 3 1 2 10 3 1 2 11 3 1 2 12 3 1 2 13 3 1 2 14 3 1 2 15 3 1 2 16 3 1 2 17 3 1 2 18 3 1 2 6 1 1 2 19 1 1 2
-0.500000 70 3 1 2 71 3 1 2 72 3 1 2 73 3 1 2 74 3 1 2 75 3 1 2 76 3 1 2 77 3 1 2 78 3 1 2 79 3 1 2 80 3 1 2 81 3 1 2 82 3 1 2 83 3 1 2 70 1 1 2 83 1 1 2
0.500000 71 3 1 2 72 3 1 2 73 3 1 2 74 3 1 2 75 3 1 2 76 3 1 2 77 3 1 2 78 3 1 2 79 3 1 2 80 3 1 2 81 3 1 2 82 3 1 2 70 1 1 2 83 1 1 2
-0.500000 7 3 1 2 8 3 1 2 7 1 1 2 8 1 1 2
0.500000 7 1 1 2 8 1 1 2
-0.500000 71 3 1 2 72 3 1 2 71 1 1 2 72 1 1 2
0.500000 71 1 1 2 72 1 1 2
0.500000 7 3 1 2 8 3 1 2 9 3 1 2 7 1 1 2 9 1 1 2
-0.500000 8 3 1 2 7 1 1 2 9 1 1 2
0.500000 71 3 1 2 72 3 1 2 73 3 1 2 71 1 1 2 73 1 1 2
-0.500000 72 3 1 2 71 1 1 2 73 1 1 2
0.500000 8 3 1 2 9 3 1 2 10 3 1 2 8 1 1 2 10 1 1 2
-0.500000 9 3 1 2 8 1 1 2 10 1 1 2
0.500000 72 3 1 2 73 3 1 2 74 3 1 2 72 1 1 2 74 1 1 2
-0.500000 73 3 1 2 72 1 1 2 74 1 1 2
0.500000 8 3 1 2 9 3 1 2 10 3 1 2 11 3 1 2 12 3 1 2 13 3 1 2 14 3 1 2 15 3 1 2 16 3 1 2 17 3 1 2 18 3 1 2 19 3 1 2 20 3 1 2 8 1 1 2 20 1 1 2
-0.500000 9 3 1 2 10 3 1 2 11 3 1 2 12 3 1 2 13 3 1 2 14 3 1 2 15 3 1 2 16 3 1 2 17 3 1 2 18 3 1 2 19 3 1 2 8 1 1 2 20 1 1 2
0.500000 72 3 1 2 73 3 1 2 74 3 1 2 75 3 1 2 76 3 1 2 77 3 1 2 78 3 1 2 79 3 1 2 80 3 1 2 81 3 1 2 82 3 1 2 83 3 1 2 84 3 1 2 72 1 1 2 84 1 1 2
-0.500000 73 3 1 2 74 3 1 2 75 3 1 2 76 3 1 2 77 3 1 2 78 3 1 2 79 3 1 2 80 3 1 2 81 3 1 2 82 3 1 2 83 3 1 2 72 1 1 2 84 1 1 2
-0.500000 9 3 1 2 10 3 1 2 9 1 1 2 10 1 1 2
0.500000 9 1 1 2 10 1 1 2
-0.500000 73 3 1 2 74 3 1 2 73 1 1 2 74 1 1 2
0.500000 73 1 1 2 74 1 1 2
0.500000 9 3 1 2 10 3 1 2 11 3 1 2 9 1 1 2 11 1 1 2
-0.500000 10 3 1 2 9 1 1 2 11 1 1 2
0.500000 73 3 1 2 74 3 1 2 75 3 1 2 73 1 1 2 75 1 1 2
-0.500000 74 3 1 2 73 1 1 2 75 1 1 2
0.500000 10 3 1 2 11 3 1 2 12 3 1 2 10 1 1 2 12 1 1 2
-0.500000 11 3 1 2 10 1 1 2 12 1 1 2
0.500000 74 3 1 2 75 3 1 2 76 3 1 2 74 1 1 2 76 1 1 2
-0.500000 75 3 1 2 74 1 1 2 76 1 1 2
-0.500000 10 3 1 2 11 3 1 2 12 3 1 2 13 3 1 2 14 3 1 2 15 3 1 2 16 3 1 2 17 3 1 2 18 3 1 2 19 3 1 2 20 3 1 2 21 3 1 2 10 1 1 2 21 1 1 2
0.500000 11 3 1 2 12 3 1 2 13 3 1 2 14 3 1 2 15 3 1 2 16 3 1 2 17 3 1 2 18 3 1 2 19 3 1 2 20 3 1 2 10 1 1 2 21 1 1 2
-0.500000 74 3 1 2 75 3 1 2 76 3 1 2 77 3 1 2 78 3 1 2 79 3 1 2 80 3 1 2 81 3 1 2 82 3 1 2 83 3 1 2 84 3 1 2 85 3 1 2 74 1 1 2 85 1 1 2
0.500000 75 3 1 2 76 3 1 2 77 3 1 2 78 3 1 2 79 3 1 2 80 3 1 2 81 3 1 2 82 3 1 2 83 3 1 2 84 3 1 2 74 1 1 2 85 1 1 2
-0.500000 11 3 1 2 12 3 1 2 11 1 1 2 12 1 1 2
0.500000 11 1 1 2 12 1 1 2
-0.500000 75 3 1 2 76 3 1 2 75 1 1 2 76 1 1 2
0.500000 75 1 1 2 76 1 1 2
0.500000 11 3 1 2 12 3 1 2 13 3 1 2 11 1 1 2 13 1 1 2
-0.500000 12 3 1 2 11 1 1 2 13 1 1 2
0.500000 75 3 1 2 76 3 1 2 77 3 1 2 75 1 1 2 77 1 1 2
-0.500000 76 3 1 2 75 1 1 2 77 1 1 2
0.500000 12 3 1 2 13 3 1 2 14 3 1 2 12 1 1 2 14 1 1 2
-0.500000 13 3 1 2 12 1 1 2 14 1 1 2
0.500000 76 3 1 2 77 3 1 2 78 3 1 2 76 1 1 2 78 1 1 2
-0.500000 77 3 1 2 76 1 1 2 78 1 1 2
0.500000 12 3 1 2 13 3 1 2 14 3 1 2 15 3 1 2 16 3 1 2 17 3 1 2 18 3 1 2 19 3 1 2 20 3 1 2 21 3 1 2 22 3 1 2 12 1 1 2 22 1 1 2
-0.500000 13 3 1 2 14 3 1 2 15 3 1 2 16 3 1 2 17 3 1 2 18 3 1 2 19 3 1 2 20 3 1 2 21 3 1 2 12 1 1 2 22 1 1 2
0.500000 76 3 1 2 77 3 1 2 78 3 1 2 79 3 1 2 80 3 1 2 81 3 1 2 82 3 1 2 83 3 1 2 84 3 1 2 85 3 1 2 86 3 1 2 76 1 1 2 86 1 1 2
-0.500000 77 3 1 2 78 3 1 2 79 3 1 2 80 3 1 2 81 3 1 2 82 3 1 2 83 3 1 2 84 3 1 2 85 3 1 2 76 1 1 2 86 1 1 2
-0.500000 13 3 1 2 14 3 1 2 13 1 1 2 14 1 1 2
0.500000 13 1 1 2 14 1 1 2
-0.500000 77 3 1 2 78 3 1 2 77 1 1 2 78 1 1 2
0.500000 77 1 1 2 78 1 1 2
0.500000 13 3 1 2 14 3 1 2 15 3 1 2 13 1 1 2 15 1 1 2
-0.500000 14 3 1 2 13 1 1 2 15 1 1 2
0.500000 77 3 1 2 78 3 1 2 79 3 1 2 77 1 1 2 79 1 1 2
-0.500000 78 3 1 2 77 1 1 2 79 1 1 2
0.500000 14 3 1 2 15 3 1 2 16 3 1 2 14 1 1 2 16 1 1 2
-0.500000 15 3 1 2 14 1 1 2 16 1 1 2
0.500000 78 3 1 2 79 3 1 2 80 3 1 2 78 1 1 2 80 1 1 2
-0.500000 79 3 1 2 78 1 1 2 80 1 1 2
-0.500000 14 3 1 2 15 3 1 2 16 3 1 2 17 3 1 2 18 3 1 2 19 3 1 2 20 3 1 2 21 3 1 2 22 3 1 2 23 3 1 2 14 1 1 2 23 1 1 2
0.500000 15 3 1 2 16 3 1 2 17 3 1 2 18 3 1 2 19 3 1 2 20 3 1 2 21 3 1 2 22 3 1 2 14 1 1 2 23 1 1 2
-0.500000 78 3 1 2 79 3 1 2 80 3 1 2 81 3 1 2 82 3 1 2 83 3 1 2 84 3 1 2 85 3 1 2 86 3 1 2 87 3 1 2 78 1 1 2 87 1 1 2
0.500000 79 3 1 2 80 3 1 2 81 3 1 2 82 3 1 2 83 3 1 2 84 3 1 2 85 3 1 2 86 3 1 2 78 1 1 2 87 1 1 2
-0.500000 15 3 1 2 16 3 1 2 15 1 1 2 16 1 1 2
0.500000 15 1 1 2 16 1 1 2
-0.500000 79 3 1 2 80 3 1 2 79 1 1 2 80 1 1 2
0.500000 79 1 1 2 80 1 1 2
0.500000 16 3 1 2 17 3 1 2 18 3 1 2 19 3 1 2 20 3 1 2 21 3 1 2 22 3 1 2 23 3 1 2 24 3 1 2 16 1 1 2 24 1 1 2
-0.500000 17 3 1 2 18 3 1 2 19 3 1 2 20 3 1 2 21 3 1 2 22 3 1 2 23 3 1 2 16 1 1 2 24 1 1 2
0.500000 80 3 1 2 81 3 1 2 82 3 1 2 83 3 1 2 84 3 1 2 85 3 1 2 86 3 1 2 87 3 1 2 88 3 1 2 80 1 1 2 88 1 1 2
-0.500000 81 3 1 2 82 3 1 2 83 3 1 2 84 3 1 2 85 3 1 2 86 3 1 2 87 3 1 2 80 1 1 2 88 1 1 2
-0.500000 17 3 1 2 18 3 1 2 17 1 1 2 18 1 1 2
0.500000 17 1 1 2 18 1 1 2
-0.500000 81 3 1 2 82 3 1 2 81 1 1 2 82 1 1 2
0.500000 81 1 1 2 82 1 1 2
0.500000 17 3 1 2 18 3 1 2 19 3 1 2 20 3 1 2 21 3 1 2 22 3 1 2 23 3 1 2 24 3 1 2 25 3 1 2 17 1 1 2 25 1 1 2
-0.500000 18 3 1 2 19 3 1 2 20 3 1 2 21 3 1 2 22 3 1 2 23 3 1 2 24 3 1 2 17 1 1 2 25 1 1 2
0.500000 81 3 1 2 82 3 1 2 83 3 1 2 84 3 1 2 85 3 1 2 86 3 1 2 87 3 1 2 88 3 1 2 89 3 1 2 81 1 1 2 89 1 1 2
-0.500000 82 3 1 2 83 3 1 2 84 3 1 2 85 3 1 2 86 3 1 2 87 3 1 2 88 3 1 2 81 1 1 2 89 1 1 2
-0.500000 18 3 1 2 19 3 1 2 18 1 1 2 19 1 1 2
0.500000 18 1 1 2 19 1 1 2
-0.500000 82 3 1 2 83 3 1 2 82 1 1 2 83 1 1 2
0.500000 82 1 1 2 83 1 1 2
0.500000 18 3 1 2 19 3 1 2 20 3 1 2 21 3 1 2 22 3 1 2 23 3 1 2 24 3 1 2 25 3 1 2 26 3 1 2 18 1 1 2 26 1 1 2
-0.500000 19 3 1 2 20 3 1 2 21 3 1 2 22 3 1 2 23 3 1 2 24 3 1 2 25 3 1 2 18 1 1 2 26 1 1 2
0.500000 82 3 1 2 83 3 1 2 84 3 1 2 85 3 1 2 86 3 1 2 87 3 1 2 88 3 1 2 89 3 1 2 90 3 1 2 82 1 1 2 90 1 1 2
-0.500000 83 3 1 2 84 3 1 2 85 3 1 2 86 3 1 2 87 3 1 2 88 3 1 2 89 3 1 2 82 1 1 2 90 1 1 2
-0.500000 19 3 1 2 20 3 1 2 19 1 1 2 20 1 1 2
0.500000 19 1 1 2 20 1 1 2
-0.500000 83 3 1 2 84 3 1 2 83 1 1 2 84 1 1 2
0.500000 83 1 1 2 84 1 1 2
0.500000 19 3 1 2 20 3 1 2 21 3 1 2 22 3 1 2 23 3 1 2 24 3 1 2 25 3 1 2 26 3 1 2 27 3 1 2 19 1 1 2 27 1 1 2
-0.500000 20 3 1 2 21 3 1 2 22 3 1 2 23 3 1 2 24 3 1 2 25 3 1 2 26 3 1 2 19 1 1 2 27 1 1 2
0.500000 83 3 1 2 84 3 1 2 85 3 1 2 86 3 1 2 87 3 1 2 88 3 1 2 89 3 1 2 90 3 1 2 91 3 1 2 83 1 1 2 91 1 1 2
-0.500000 84 3 1 2 85 3 1 2 86 3 1 2 87 3 1 2 88 3 1 2 89 3 1 2 90 3 1 2 83 1 1 2 91 1 1 2
-0.500000 20 3 1 2 21 3 1 2 20 1 1 2 21 1 1 2
0.500000 20 1 1 2 21 1 1 2
-0.500000 84 3 1 2 85 3 1 2 84 1 1 2 85 1 1 2
0.500000 84 1 1 2 85 1 1 2
0.500000 20 3 1 2 21 3 1 2 22 3 1 2 23 3 1 2 24 3 1 2 25 3 1 2 26 3 1 2 27 3 1 2 28 3 1 2 20 1 1 2 28 1 1 2
-0.500000 21 3 1 2 22 3 1 2 23 3 1 2 24 3 1 2 25 3 1 2 26 3 1 2 27 3 1 2 20 1 1 2 28 1 1 2
0.500000 84 3 1 2 85 3 1 2 86 3 1 2 87 3 1 2 88 3 1 2 89 3 1 2 90 3 1 2 91 3 1 2 92 3 1 2 84 1 1 2 92 1 1 2
-0.500000 85 3 1 2 86 3 1 2 87 3 1 2 88 3 1 2 89 3 1 2 90 3 1 2 91 3 1 2 84 1 1 2 92 1 1 2
-0.500000 21 3 1 2 22 3 1 2 21 1 1 2 22 1 1 2
0.500000 21 1 1 2 22 1 1 2
-0.500000 85 3 1 2 86 3 1 2 85 1 1 2 86 1 1 2
0.500000 85 1 1 2 86 1 1 2
0.500000 21 3 1 2 22 3 1 2 23 3 1 2 24 3 1 2 25 3 1 2 26 3 1 2 27 3 1 2 28 3 1 2 29 3 1 2 21 1 1 2 29 1 1 2
-0.500000 22 3 1 2 23 3 1 2 24 3 1 2 25 3 1 2 26 3 1 2 27 3 1 2 28 3 1 2 21 1 1 2 29 1 1 2
0.500000 85 3 1 2 86 3 1 2 87 3 1 2 88 3 1 2 89 3 1 2 90 3 1 2 91 3 1 2 92 3 1 2 93 3 1 2 85 1 1 2 93 1 1 2
-0.500000 86 3 1 2 87 3 1 2 88 3 1 2 89 3 1 2 90 3 1 2 91 3 1 2 92 3 1 2 85 1 1 2 93 1 1 2
-0.500000 22 3 1 2 23 3 1 2 22 1 1 2 23 1 1 2
0.500000 22 1 1 2 23 1 1 2
-0.500000 86 3 1 2 87 3 1 2 86 1 1 2 87 1 1 2
0.500000 86 1 1 2 87 1 1 2
0.500000 22 3 1 2 23 3 1 2 24 3 1 2 25 3 1 2 26 3 1 2 27 3 1 2 28 3 1 2 29 3 1 2 30 3 1 2 22 1 1 2 30 1 1 2
-0.500000 23 3 1 2 24 3 1 2 25 3 1 2 26 3 1 2 27 3 1 2 28 3 1 2 29 3 1 2 22 1 1 2 30 1 1 2
0.500000 86 3 1 2 87 3 1 2 88 3 1 2 89 3 1 2 90 3 1 2 91 3 1 2 92 3 1 2 93 3 1 2 94 3 1 2 86 1 1 2 94 1 1 2
-0.500000 87 3 1 2 88 3 1 2 89 3 1 2 90 3 1 2 91 3 1 2 92 3 1 2 93 3 1 2 86 1 1 2 94 1 1 2
-0.500000 23 3 1 2 24 3 1 2 23 1 1 2 24 1 1 2
0.500000 23 1 1 2 24 1 1 2
-0.500000 87 3 1 2 88 3 1 2 87 1 1 2 88 1 1 2
0.500000 87 1 1 2 88 1 1 2
0.500000 23 3 1 2 24 3 1 2 25 3 1 2 26 3 1 2 27 3 1 2 28 3 1 2 29 3 1 2 30 3 1 2 31 3 1 2 23 1 1 2 31 1 1 2
-0.500000 24 3 1 2 25 3 1 2 26 3 1 2 27 3 1 2 28 3 1 2 29 3 1 2 30 3 1 2 23 1 1 2 31 1 1 2
0.500000 87 3 1 2 88 3 1 2 89 3 1 2 90 3 1 2 91 3 1 2 92 3 1 2 93 3 1 2 94 3 1 2 95 3 1 2 87 1 1 2 95 1 1 2
-0.500000 88 3 1 2 89 3 1 2 90 3 1 2 91 3 1 2 92 3 1 2 93 3 1 2 94 3 1 2 87 1 1 2 95 1 1 2
0.500000 24 3 1 2 25 3 1 2 26 3 1 2 27 3 1 2 28 3 1 2 29 3 1 2 30 3 1 2 31 3 1 2 32 3 1 2 24 1 1 2 32 1 1 2
-0.500000 25 3 1 2 26 3 1 2 27 3 1 2 28 3 1 2 29 3 1 2 30 3 1 2 31 3 1 2 24 1 1 2 32 1 1 2
0.500000 88 3 1 2 89 3 1 2 90 3 1 2 91 3 1 2 92 3 1 2 93 3 1 2 94 3 1 2 95 3 1 2 96 3 1 2 88 1 1 2 96 1 1 2
-0.500000 89 3 1 2 90 3 1 2 91 3 1 2 92 3 1 2 93 3 1 2 94 3 1 2 95 3 1 2 88 1 1 2 96 1 1 2
-0.500000 25 3 1 2 26 3 1 2 25 1 1 2 26 1 1 2
0.500000 25 1 1 2 26 1 1 2
-0.500000 89 3 1 2 90 3 1 2 89 1 1 2 90 1 1 2
0.500000 89 1 1 2 90 1 1 2
0.500000 25 3 1 2 26 3 1 2 27 3 1 2 28 3 1 2 29 3 1 2 30 3 1 2 31 3 1 2 32 3 1 2 33 3 1 2 25 1 1 2 33 1 1 2
-0.500000 26 3 1 2 27 3 1 2 28 3 1 2 29 3 1 2 30 3 1 2 31 3 1 2 32 3 1 2 25 1 1 2 33 1 1 2
0.500000 89 3 1 2 90 3 1 2 91 3 1 2 92 3 1 2 93 3 1 2 94 3 1 2 95 3 1 2 96 3 1 2 97 3 1 2 89 1 1 2 97 1 1 2
-0.500000 90 3 1 2 91 3 1 2 92 3 1 2 93 3 1 2 94 3 1 2 95 3 1 2 96 3 1 2 89 1 1 2 97 1 1 2
-0.500000 26 3 1 2 27 3 1 2 26 1 1 2 27 1 1 2
0.500000 26 1 1 2 27 1 1 2
-0.500000 90 3 1 2 91 3 1 2 90 1 1 2 91 1 1 2
0.500000 90 1 1 2 91 1 1 2
0.500000 26 3 1 2 27 3 1 2 28 3 1 2 29 3 1 2 30 3 1 2 31 3 1 2 32 3 1 2 33 3 1 2 34 3 1 2 26 1 1 2 34 1 1 2
-0.500000 27 3 1 2 28 3 1 2 29 3 1 2 30 3 1 2 31 3 1 2 32 3 1 2 33 3 1 2 26 1 1 2 34 1 1 2
0.500000 90 3 1 2 91 3 1 2 92 3 1 2 93 3 1 2 94 3 1 2 95 3 1 2 96 3 1 2 97 3 1 2 98 3 1 2 90 1 1 2 98 1 1 2
-0.500000 91 3 1 2 92 3 1 2 93 3 1 2 94 3 1 2 95 3 1 2 96 3 1 2 97 3 1 2 90 1 1 2 98 1 1 2
-0.500000 27 3 1 2 28 3 1 2 27 1 1 2 28 1 1 2
0.500000 27 1 1 2 28 1 1 2
-0.500000 91 3 1 2 92 3 1 2 91 1 1 2 92 1 1 2
0.500000 91 1 1 2 92 1 1 2
0.500000 27 3 1 2 28 3 1 2 29 3 1 2 30 3 1 2 31 3 1 2 32 3 1 2 33 3 1 2 34 3 1 2 35 3 1 2 27 1 1 2 35 1 1 2
-0.500000 28 3 1 2 29 3 1 2 30 3 1 2 31 3 1 2 32 3 1 2 33 3 1 2 34 3 1 2 27 1 1 2 35 1 1 2
0.500000 91 3 1 2 92 3 1 2 93 3 1 2 94 3 1 2 95 3 1 2 96 3 1 2 97 3 1 2 98 3 1 2 99 3 1 2 91 1 1 2 99 1 1 2
-0.500000 92 3 1 2 93 3 1 2 94 3 1 2 95 3 1 2 96 3 1 2 97 3 1 2 98 3 1 2 91 1 1 2 99 1 1 2
-0.500000 28 3 1 2 29 3 1 2 28 1 1 2 29 1 1 2
0.500000 28 1 1 2 29 1 1 2
-0.500000 92 3 1 2 93 3 1 2 92 1 1 2 93 1 1 2
0.500000 92 1 1 2 93 1 1 2
0.500000 28 3 1 2 29 3 1 2 30 3 1 2 31 3 1 2 32 3 1 2 33 3 1 2 34 3 1 2 35 3 1 2 36 3 1 2 28 1 1 2 36 1 1 2
-0.500000 29 3 1 2 30 3 1 2 31 3 1 2 32 3 1 2 33 3 1 2 34 3 1 2 35 3 1 2 28 1 1 2 36 1 1 2
0.500000 92 3 1 2 93 3 1 2 94 3 1 2 95 3 1 2 96 3 1 2 97 3 1 2 98 3 1 2 99 3 1 2 100 3 1 2 92 1 1 2 100 1 1 2
-0.500000 93 3 1 2 94 3 1 2 95 3 1 2 96 3 1 2 97 3 1 2 98 3 1 2 99 3 1 2 92 1 1 2 100 1 1 2
-0.500000 29 3 1 2 30 3 1 2 29 1 1 2 30 1 1 2
0.500000 29 1 1 2 30 1 1 2
-0.500000 93 3 1 2 94 3 1 2 93 1 1 2 94 1 1 2
0.500000 93 1 1 2 94 1 1 2
0.500000 29 3 1 2 30 3 1 2 31 3 1 2 32 3 1 2 33 3 1 2 34 3 1 2 35 3 1 2 36 3 1 2 37 3 1 2 29 1 1 2 37 1 1 2
-0.500000 30 3 1 2 31 3 1 2 32 3 1 2 33 3 1 2 34 3 1 2 35 3 1 2 36 3 1 2 29 1 1 2 37 1 1 2
0.500000 93 3 1 2 94 3 1 2 95 3 1 2 96 3 1 2 97 3 1 2 98 3 1 2 99 3 1 2 100 3 1 2 101 3 1 2 93 1 1 2 101 1 1 2
-0.500000 94 3 1 2 95 3 1 2 96 3 1 2 97 3 1 2 98 3 1 2 99 3 1 2 100 3 1 2 93 1 1 2 101 1 1 2
-0.500000 30 3 1 2 31 3 1 2 30 1 1 2 31 1 1 2
0.500000 30 1 1 2 31 1 1 2
-0.500000 94 3 1 2 95 3 1 2 94 1 1 2 95 1 1 2
0.500000 94 1 1 2 95 1 1 2
0.500000 30 3 1 2 31 3 1 2 32 3 1 2 33 3 1 2 34 3 1 2 35 3 1 2 36 3 1 2 37 3 1 2 38 3 1 2 30 1 1 2 38 1 1 2
-0.500000 31 3 1 2 32 3 1 2 33 3 1 2 34 3 1 2 35 3 1 2 36 3 1 2 37 3 1 2 30 1 1 2 38 1 1 2
0.500000 94 3 1 2 95 3 1 2 96 3 1 2 97 3 1 2 98 3 1 2 99 3 1 2 100 3 1 2 101 3 1 2 102 3 1 2 94 1 1 2 102 1 1 2
-0.500000 95 3 1 2 96 3 1 2 97 3 1 2 98 3 1 2 99 3 1 2 100 3 1 2 101 3 1 2 94 1 1 2 102 1 1 2
-0.500000 31 3 1 2 32 3 1 2 31 1 1 2 32 1 1 2
0.500000 31 1 1 2 32 1 1 2
-0.500000 95 3 1 2 96 3 1 2 95 1 1 2 96 1 1 2
0.500000 95 1 1 2 96 1 1 2
0.500000 31 3 1 2 32 3 1 2 33 3 1 2 34 3 1 2 35 3 1 2 36 3 1 2 37 3 1 2 38 3 1 2 39 3 1 2 31 1 1 2 39 1 1 2
-0.500000 32 3 1 2 33 3 1 2 34 3 1 2 35 3 1 2 36 3 1 2 37 3 1 2 38 3 1 2 31 1 1 2 39 1 1 2
0.500000 95 3 1 2 96 3 1 2 97 3 1 2 98 3 1 2 99 3 1 2 100 3 1 2 101 3 1 2 102 3 1 2 103 3 1 2 95 1 1 2 103 1 1 2
-0.500000 96 3 1 2 97 3 1 2 98 3 1 2 99 3 1 2 100 3 1 2 101 3 1 2 102 3 1 2 95 1 1 2 103 1 1 2
0.500000 32 3 1 2 33 3 1 2 34 3 1 2 35 3 1 2 36 3 1 2 37 3 1 2 38 3 1 2 39 3 1 2 40 3 1 2 32 1 1 2 40 1 1 2
-0.500000 33 3 1 2 34 3 1 2 35 3 1 2 36 3 1 2 37 3 1 2 38 3 1 2 39 3 1 2 32 1 1 2 40 1 1 2
0.500000 96 3 1 2 97 3 1 2 98 3 1 2 99 3 1 2 100 3 1 2 101 3 1 2 102 3 1 2 103 3 1 2 104 3 1 2 96 1 1 2 104 1 1 2
-0.500000 97 3 1 2 98 3 1 2 99 3 1 2 100 3 1 2 101 3 1 2 102 3 1 2 103 3 1 2 96 1 1 2 104 1 1 2
-0.500000 33 3 1 2 34 3 1 2 33 1 1 2 34 1 1 2
0.500000 33 1 1 2 34 1 1 2
-0.500000 97 3 1 2 98 3 1 2 97 1 1 2 98 1 1 2
0.500000 97 1 1 2 98 1 1 2
0.500000 33 3 1 2 34 3 1 2 35 3 1 2 36 3 1 2 37 3 1 2 38 3 1 2 39 3 1 2 40 3 1 2 41 3 1 2 33 1 1 2 41 1 1 2
-0.500000 34 3 1 2 35 3 1 2 36 3 1 2 37 3 1 2 38 3 1 2 39 3 1 2 40 3 1 2 33 1 1 2 41 1 1 2
0.500000 97 3 1 2 98 3 1 2 99 3 1 2 100 3 1 2 101 3 1 2 102 3 1 2 103 3 1 2 104 3 1 2 105 3 1 2 97 1 1 2 105 1 1 2
-0.500000 98 3 1 2 99 3 1 2 100 3 1 2 101 3 1 2 102 3 1 2 103 3 1 2 104 3 1 2 97 1 1 2 105 1 1 2
-0.500000 34 3 1 2 35 3 1 2 34 1 1 2 35 1 1 2
0.500000 34 1 1 2 35 1 1 2
-0.500000 98 3 1 2 99 3 1 2 98 1 1 2 99 1 1 2
0.500000 98 1 1 2 99 1 1 2
0.500000 34 3 1 2 35 3 1 2 36 3 1 2 37 3 1 2 38 3 1 2 39 3 1 2 40 3 1 2 41 3 1 2 42 3 1 2 34 1 1 2 42 1 1 2
-0.500000 35 3 1 2 36 3 1 2 37 3 1 2 38 3 1 2 39 3 1 2 40 3 1 2 41 3 1 2 34 1 1 2 42 1 1 2
0.500000 98 3 1 2 99 3 1 2 100 3 1 2 101 3 1 2 102 3 1 2 103 3 1 2 104 3 1 2 105 3 1 2 106 3 1 2 98 1 1 2 106 1 1 2
-0.500000 99 3 1 2 100 3 1 2 101 3 1 2 102 3 1 2 103 3 1 2 104 3 1 2 105 3 1 2 98 1 1 2 106 1 1 2
-0.500000 35 3 1 2 36 3 1 2 35 1 1 2 36 1 1 2
0.500000 35 1 1 2 36 1 1 2
-0.500000 99 3 1 2 100 3 1 2 99 1 1 2 100 1 1 2
0.500000 99 1 1 2 100 1 1 2
0.500000 35 3 1 2 36 3 1 2 37 3 1 2 38 3 1 2 39 3 1 2 40 3 1 2 41 3 1 2 42 3 1 2 43 3 1 2 35 1 1 2 43 1 1 2
-0.500000 36 3 1 2 37 3 1 2 38 3 1 2 39 3 1 2 40 3 1 2 41 3 1 2 42 3 1 2 35 1 1 2 43 1 1 2
0.500000 99 3 1 2 100 3 1 2 101 3 1 2 102 3 1 2 103 3 1 2 104 3 1 2 105 3 1 2 106 3 1 2 107 3 1 2 99 1 1 2 107 1 1 2
-0.500000 100 3 1 2 101 3 1 2 102 3 1 2 103 3 1 2 104 3 1 2 105 3 1 2 106 3 1 2 99 1 1 2 107 1 1 2
-0.500000 36 3 1 2 37 3 1 2 36 1 1 2 37 1 1 2
0.500000 36 1 1 2 37 1 1 2
-0.500000 100 3 1 2 101 3 1 2 100 1 1 2 101 1 1 2
0.500000 100 1 1 2 101 1 1 2
0.500000 36 3 1 2 37 3 1 2 38 3 1 2 39 3 1 2 40 3 1 2 41 3 1 2 42 3 1 2 43 3 1 2 44 3 1 2 36 1 1 2 44 1 1 2
-0.500000 37 3 1 2 38 3 1 2 39 3 1 2 40 3 1 2 41 3 1 2 42 3 1 2 43 3 1 2 36 1 1 2 44 1 1 2
0.500000 100 3 1 2 101 3 1 2 102 3 1 2 103 3 1 2 104 3 1 2 105 3 1 2 106 3 1 2 107 3 1 2 108 3 1 2 100 1 1 2 108 1 1 2
-0.500000 101 3 1 2 102 3 1 2 103 3 1 2 104 3 1 2 105 3 1 2 106 3 1 2 107 3 1 2 100 1 1 2 108 1 1 2
-0.500000 37 3 1 2 38 3 1 2 37 1 1 2 38 1 1 2
0.500000 37 1 1 2 38 1 1 2
-0.500000 101 3 1 2 102 3 1 2 101 1 1 2 102 1 1 2
0.500000 101 1 1 2 102 1 1 2
0.500000 37 3 1 2 38 3 1 2 39 3 1 2 40 3 1 2 41 3 1 2 42 3 1 2 43 3 1 2 44 3 1 2 45 3 1 2 37 1 1 2 45 1 1 2
-0.500000 38 3 1 2 39 3 1 2 40 3 1 2 41 3 1 2 42 3 1 2 43 3 1 2 44 3 1 2 37 1 1 2 45 1 1 2
0.500000 101 3 1 2 102 3 1 2 103 3 1 2 104 3 1 2 105 3 1 2 106 3 1 2 107 3 1 2 108 3 1 2 109 3 1 2 101 1 1 2 109 1 1 2
-0.500000 102 3 1 2 103 3 1 2 104 3 1 2 105 3 1 2 106 3 1 2 107 3 1 2 108 3 1 2 101 1 1 2 109 1 1 2
-0.500000 38 3 1 2 39 3 1 2 38 1 1 2 39 1 1 2
0.500000 38 1 1 2 39 1 1 2
-0.500000 102 3 1 2 103 3 1 2 102 1 1 2 103 1 1 2
0.500000 102 1 1 2 103 1 1 2
0.500000 38 3 1 2 39 3 1 2 40 3 1 2 41 3 1 2 42 3 1 2 43 3 1 2 44 3 1 2 45 3 1 2 46 3 1 2 38 1 1 2 46 1 1 2
-0.500000 39 3 1 2 40 3 1 2 41 3 1 2 42 3 1 2 43 3 1 2 44 3 1 2 45 3 1 2 38 1 1 2 46 1 1 2
0.500000 102 3 1 2 103 3 1 2 104 3 1 2 105 3 1 2 106 3 1 2 107 3 1 2 108 3 1 2 109 3 1 2 110 3 1 2 102 1 1 2 110 1 1 2
-0.500000 103 3 1 2 104 3 1 2 105 3 1 2 106 3 1 2 107 3 1 2 108 3 1 2 109 3 1 2 102 1 1 2 110 1 1 2
-0.500000 39 3 1 2 40 3 1 2 39 1 1 2 40 1 1 2
0.500000 39 1 1 2 40 1 1 2
-0.500000 103 3 1 2 104 3 1 2 103 1 1 2 104 1 1 2
0.500000 103 1 1 2 104 1 1 2
0.500000 39 3 1 2 40 3 1 2 41 3 1 2 42 3 1 2 43 3 1 2 44 3 1 2 45 3 1 2 46 3 1 2 47 3 1 2 39 1 1 2 47 1 1 2
-0.500000 40 3 1 2 41 3 1 2 42 3 1 2 43 3 1 2 44 3 1 2 45 3 1 2 46 3 1 2 39 1 1 2 47 1 1 2
0.500000 103 3 1 2 104 3 1 2 105 3 1 2 106 3 1 2 107 3 1 2 108 3 1 2 109 3 1 2 110 3 1 2 111 3 1 2 103 1 1 2 111 1 1 2
-0.500000 104 3 1 2 105 3 1 2 106 3 1 2 107 3 1 2 108 3 1 2 109 3 1 2 110 3 1 2 103 1 1 2 111 1 1 2
0.500000 40 3 1 2 41 3 1 2 42 3 1 2 43 3 1 2 44 3 1 2 45 3 1 2 46 3 1 2 47 3 1 2 48 3 1 2 40 1 1 2 48 1 1 2
-0.500000 41 3 1 2 42 3 1 2 43 3 1 2 44 3 1 2 45 3 1 2 46 3 1 2 47 3 1 2 40 1 1 2 48 1 1 2
0.500000 104 3 1 2 105 3 1 2 106 3 1 2 107 3 1 2 108 3 1 2 109 3 1 2 110 3 1 2 111 3 1 2 112 3 1 2 104 1 1 2 112 1 1 2
-0.500000 105 3 1 2 106 3 1 2 107 3 1 2 108 3 1 2 109 3 1 2 110 3 1 2 111 3 1 2 104 1 1 2 112 1 1 2
-0.500000 41 3 1 2 42 3 1 2 41 1 1 2 42 1 1 2
0.500000 41 1 1 2 42 1 1 2
-0.500000 105 3 1 2 106 3 1 2 105 1 1 2 106 1 1 2
0.500000 105 1 1 2 106 1 1 2
0.500000 41 3 1 2 42 3 1 2 43 3 1 2 44 3 1 2 45 3 1 2 46 3 1 2 47 3 1 2 48 3 1 2 49 3 1 2 41 1 1 2 49 1 1 2
-0.500000 42 3 1 2 43 3 1 2 44 3 1 2 45 3 1 2 46 3 1 2 47 3 1 2 48 3 1 2 41 1 1 2 49 1 1 2
0.500000 105 3 1 2 106 3 1 2 107 3 1 2 108 3 1 2 109 3 1 2 110 3 1 2 111 3 1 2 112 3 1 2 113 3 1 2 105 1 1 2 113 1 1 2
-0.500000 106 3 1 2 107 3 1 2 108 3 1 2 109 3 1 2 110 3 1 2 111 3 1 2 112 3 1 2 105 1 1 2 113 1 1 2
-0.500000 42 3 1 2 43 3 1 2 42 1 1 2 43 1 1 2
0.500000 42 1 1 2 43 1 1 2
-0.500000 106 3 1 2 107 3 1 2 106 1 1 2 107 1 1 2
0.500000 106 1 1 2 107 1 1 2
0.500000 42 3 1 2 43 3 1 2 44 3 1 2 45 3 1 2 46 3 1 2 47 3 1 2 48 3 1 2 49 3 1 2 50 3 1 2 42 1 1 2 50 1 1 2
-0.500000 43 3 1 2 44 3 1 2 45 3 1 2 46 3 1 2 47 3 1 2 48 3 1 2 49 3 1 2 42 1 1 2 50 1 1 2
0.500000 106 3 1 2 107 3 1 2 108 3 1 2 109 3 1 2 110 3 1 2 111 3 1 2 112 3 1 2 113 3 1 2 114 3 1 2 106 1 1 2 114 1 1 2
-0.500000 107 3 1 2 108 3 1 2 109 3 1 2 110 3 1 2 111 3 1 2 112 3 1 2 113 3 1 2 106 1 1 2 114 1 1 2
-0.500000 43 3 1 2 44 3 1 2 43 1 1 2 44 1 1 2
0.500000 43 1 1 2 44 1 1 2
-0.500000 107 3 1 2 108 3 1 2 107 1 1 2 108 1 1 2
0.500000 107 1 1 2 108 1 1 2
0.500000 43 3 1 2 44 3 1 2 45 3 1 2 46 3 1 2 47 3 1 2 48 3 1 2 49 3 1 2 50 3 1 2 51 3 1 2 43 1 1 2 51 1 1 2
-0.500000 44 3 1 2 45 3 1 2 46 3 1 2 47 3 1 2 48 3 1 2 49 3 1 2 50 3 1 2 43 1 1 2 51 1 1 2
0.500000 107 3 1 2 108 3 1 2 109 3 1 2 110 3 1 2 111 3 1 2 112 3 1 2 113 3 1 2 114 3 1 2 115 3 1 2 107 1 1 2 115 1 1 2
-0.500000 108 3 1 2 109 3 1 2 110 3 1 2 111 3 1 2 112 3 1 2 113 3 1 2 114 3 1 2 107 1 1 2 115 1 1 2
-0.500000 44 3 1 2 45 3 1 2 44 1 1 2 45 1 1 2
0.500000 44 1 1 2 45 1 1 2
-0.500000 108 3 1 2 109 3 1 2 108 1 1 2 109 1 1 2
0.500000 108 1 1 2 109 1 1 2
0.500000 44 3 1 2 45 3 1 2 46 3 1 2 47 3 1 2 48 3 1 2 49 3 1 2 50 3 1 2 51 3 1 2 52 3 1 2 44 1 1 2 52 1 1 2
-0.500000 45 3 1 2 46 3 1 2 47 3 1 2 48 3 1 2 49 3 1 2 50 3 1 2 51 3 1 2 44 1 1 2 52 1 1 2
0.500000 108 3 1 2 109 3 1 2 110 3 1 2 111 3 1 2 112 3 1 2 113 3 1 2 114 3 1 2 115 3 1 2 116 3 1 2 108 1 1 2 116 1 1 2
-0.500000 109 3 1 2 110 3 1 2 111 3 1 2 112 3 1 2 113 3 1 2 114 3 1 2 115 3 1 2 108 1 1 2 116 1 1 2
-0.500000 45 3 1 2 46 3 1 2 45 1 1 2 46 1 1 2
0.500000 45 1 1 2 46 1 1 2
-0.500000 109 3 1 2 110 3 1 2 109 1 1 2 110 1 1 2
0.500000 109 1 1 2 110 1 1 2
0.500000 45 3 1 2 46 3 1 2 47 3 1 2 48 3 1 2 49 3 1 2 50 3 1 2 51 3 1 2 52 3 1 2 53 3 1 2 45 1 1 2 53 1 1 2
-0.500000 46 3 1 2 47 3 1 2 48 3 1 2 49 3 1 2 50 3 1 2 51 3 1 2 52 3 1 2 45 1 1 2 53 1 1 2
0.500000 109 3 1 2 110 3 1 2 111 3 1 2 112 3 1 2 113 3 1 2 114 3 1 2 115 3 1 2 116 3 1 2 117 3 1 2 109 1 1 2 117 1 1 2
-0.500000 110 3 1 2 111 3 1 2 112 3 1 2 113 3 1 2 114 3 1 2 115 3 1 2 116 3 1 2 109 1 1 2 117 1 1 2
-0.500000 46 3 1 2 47 3 1 2 46 1 1 2 47 1 1 2
0.500000 46 1 1 2 47 1 1 2
-0.500000 110 3 1 2 111 3 1 2 110 1 1 2 111 1 1 2
0.500000 110 1 1 2 111 1 1 2
0.500000 46 3 1 2 47 3 1 2 48 3 1 2 49 3 1 2 50 3 1 2 51 3 1 2 52 3 1 2 53 3 1 2 54 3 1 2 46 1 1 2 54 1 1 2
-0.500000 47 3 1 2 48 3 1 2 49 3 1 2 50 3 1 2 51 3 1 2 52 3 1 2 53 3 1 2 46 1 1 2 54 1 1 2
0.500000 110 3 1 2 111 3 1 2 112 3 1 2 113 3 1 2 114 3 1 2 115 3 1 2 116 3 1 2 117 3 1 2 118 3 1 2 110 1 1 2 118 1 1 2
-0.500000 111 3 1 2 112 3 1 2 113 3 1 2 114 3 1 2 115 3 1 2 116 3 1 2 117 3 1 2 110 1 1 2 118 1 1 2
-0.500000 47 3 1 2 48 3 1 2 47 1 1 2 48 1 1 2
0.500000 47 1 1 2 48 1 1 2
-0.500000 111 3 1 2 112 3 1 2 111 1 1 2 112 1 1 2
0.500000 111 1 1 2 112 1 1 2
0.500000 47 3 1 2 48 3 1 2 49 3 1 2 50 3 1 2 51 3 1 2 52 3 1 2 53 3 1 2 54 3 1 2 55 3 1 2 47 1 1 2 55 1 1 2
-0.500000 48 3 1 2 49 3 1 2 50 3 1 2 51 3 1 2 52 3 1 2 53 3 1 2 54 3 1 2 47 1 1 2 55 1 1 2
0.500000 111 3 1 2 112 3 1 2 113 3 1 2 114 3 1 2 115 3 1 2 116 3 1 2 117 3 1 2 118 3 1 2 119 3 1 2 111 1 1 2 119 1 1 2
-0.500000 112 3 1 2 113 3 1 2 114 3 1 2 115 3 1 2 116 3 1 2 117 3 1 2 118 3 1 2 111 1 1 2 119 1 1 2
0.500000 48 3 1 2 49 3 1 2 50 3 1 2 51 3 1 2 52 3 1 2 53 3 1 2 54 3 1 2 55 3 1 2 56 3 1 2 48 1 1 2 56 1 1 2
-0.500000 49 3 1 2 50 3 1 2 51 3 1 2 52 3 1 2 53 3 1 2 54 3 1 2 55 3 1 2 48 1 1 2 56 1 1 2
0.500000 112 3 1 2 113 3 1 2 114 3 1 2 115 3 1 2 116 3 1 2 117 3 1 2 118 3 1 2 119 3 1 2 120 3 1 2 112 1 1 2 120 1 1 2
-0.500000 113 3 1 2 114 3 1 2 115 3 1 2 116 3 1 2 117 3 1 2 118 3 1 2 119 3 1 2 112 1 1 2 120 1 1 2
-0.500000 49 3 1 2 50 3 1 2 49 1 1 2 50 1 1 2
0.500000 49 1 1 2 50 1 1 2
-0.500000 113 3 1 2 114 3 1 2 113 1 1 2 114 1 1 2
0.500000 113 1 1 2 114 1 1 2
0.500000 49 3 1 2 50 3 1 2 51 3 1 2 52 3 1 2 53 3 1 2 54 3 1 2 55 3 1 2 56 3 1 2 57 3 1 2 49 1 1 2 57 1 1 2
-0.500000 50 3 1 2 51 3 1 2 52 3 1 2 53 3 1 2 54 3 1 2 55 3 1 2 56 3 1 2 49 1 1 2 57 1 1 2
0.500000 113 3 1 2 114 3 1 2 115 3 1 2 116 3 1 2 117 3 1 2 118 3 1 2 119 3 1 2 120 3 1 2 121 3 1 2 113 1 1 2 121 1 1 2
-0.500000 114 3 1 2 115 3 1 2 116 3 1 2 117 3 1 2 118 3 1 2 119 3 1 2 120 3 1 2 113 1 1 2 121 1 1 2
-0.500000 50 3 1 2 51 3 1 2 50 1 1 2 51 1 1 2
0.500000 50 1 1 2 51 1 1 2
-0.500000 114 3 1 2 115 3 1 2 114 1 1 2 115 1 1 2
0.500000 114 1 1 2 115 1 1 2
0.500000 50 3 1 2 51 3 1 2 52 3 1 2 53 3 1 2 54 3 1 2 55 3 1 2 56 3 1 2 57 3 1 2 58 3 1 2 50 1 1 2 58 1 1 2
-0.500000 51 3 1 2 52 3 1 2 53 3 1 2 54 3 1 2 55 3 1 2 56 3 1 2 57 3 1 2 50 1 1 2 58 1 1 2
0.500000 114 3 1 2 115 3 1 2 116 3 1 2 117 3 1 2 118 3 1 2 119 3 1 2 120 3 1 2 121 3 1 2 122 3 1 2 114 1 1 2 122 1 1 2
-0.500000 115 3 1 2 116 3 1 2 117 3 1 2 118 3 1 2 119 3 1 2 120 3 1 2 121 3 1 2 114 1 1 2 122 1 1 2
-0.500000 51 3 1 2 52 3 1 2 51 1 1 2 52 1 1 2
0.500000 51 1 1 2 52 1 1 2
-0.500000 115 3 1 2 116 3 1 2 115 1 1 2 116 1 1 2
0.500000 115 1 1 2 116 1 1 2
0.500000 51 3 1 2 52 3 1 2 53 3 1 2 54 3 1 2 55 3 1 2 56 3 1 2 57 3 1 2 58 3 1 2 59 3 1 2 51 1 1 2 59 1 1 2
-0.500000 52 3 1 2 53 3 1 2 54 3 1 2 55 3 1 2 56 3 1 2 57 3 1 2 58 3 1 2 51 1 1 2 59 1 1 2
0.500000 115 3 1 2 116 3 1 2 117 3 1 2 118 3 1 2 119 3 1 2 120 3 1 2 121 3 1 2 122 3 1 2 123 3 1 2 115 1 1 2 123 1 1 2
-0.500000 116 3 1 2 117 3 1 2 118 3 1 2 119 3 1 2 120 3 1 2 121 3 1 2 122 3 1 2 115 1 1 2 123 1 1 2
-0.500000 52 3 1 2 53 3 1 2 52 1 1 2 53 1 1 2
0.500000 52 1 1 2 53 1 1 2
-0.500000 116 3 1 2 117 3 1 2 116 1 1 2 117 1 1 2
0.500000 116 1 1 2 117 1 1 2
0.500000 52 3 1 2 53 3 1 2 54 3 1 2 55 3 1 2 56 3 1 2 57 3 1 2 58 3 1 2 59 3 1 2 60 3 1 2 52 1 1 2 60 1 1 2
-0.500000 53 3 1 2 54 3 1 2 55 3 1 2 56 3 1 2 57 3 1 2 58 3 1 2 59 3 1 2 52 1 1 2 60 1 1 2
0.500000 116 3 1 2 117 3 1 2 118 3 1 2 119 3 1 2 120 3 1 2 121 3 1 2 122 3 1 2 123 3 1 2 124 3 1 2 116 1 1 2 124 1 1 2
-0.500000 117 3 1 2 118 3 1 2 119 3 1 2 120 3 1 2 121 3 1 2 122 3 1 2 123 3 1 2 116 1 1 2 124 1 1 2
-0.500000 53 3 1 2 54 3 1 2 53 1 1 2 54 1 1 2
0.500000 53 1 1 2 54 1 1 2
-0.500000 117 3 1 2 118 3 1 2 117 1 1 2 118 1 1 2
0.500000 117 1 1 2 118 1 1 2
0.500000 53 3 1 2 54 3 1 2 55 3 1 2 56 3 1 2 57 3 1 2 58 3 1 2 59 3 1 2 60 3 1 2 61 3 1 2 53 1 1 2 61 1 1 2
-0.500000 54 3 1 2 55 3 1 2 56 3 1 2 57 3 1 2 58 3 1 2 59 3 1 2 60 3 1 2 53 1 1 2 61 1 1 2
0.500000 117 3 1 2 118 3 1 2 119 3 1 2 120 3 1 2 121 3 1 2 122 3 1 2 123 3 1 2 124 3 1 2 125 3 1 2 117 1 1 2 125 1 1 2
-0.500000 118 3 1 2 119 3 1 2 120 3 1 2 121 3 1 2 122 3 1 2 123 3 1 2 124 3 1 2 117 1 1 2 125 1 1 2
-0.500000 54 3 1 2 55 3 1 2 54 1 1 2 55 1 1 2
0.500000 54 1 1 2 55 1 1 2
-0.500000 118 3 1 2 119 3 1 2 118 1 1 2 119 1 1 2
0.500000 118 1 1 2 119 1 1 2
0.500000 54 3 1 2 55 3 1 2 56 3 1 2 57 3 1 2 58 3 1 2 59 3 1 2 60 3 1 2 61 3 1 2 62 3 1 2 54 1 1 2 62 1 1 2
-0.500000 55 3 1 2 56 3 1 2 57 3 1 2 58 3 1 2 59 3 1 2 60 3 1 2 61 3 1 2 54 1 1 2 62 1 1 2
0.500000 118 3 1 2 119 3 1 2 120 3 1 2 121 3 1 2 122 3 1 2 123 3 1 2 124 3 1 2 125 3 1 2 126 3 1 2 118 1 1 2 126 1 1 2
-0.500000 119 3 1 2 120 3 1 2 121 3 1 2 122 3 1 2 123 3 1 2 124 3 1 2 125 3 1 2 118 1 1 2 126 1 1 2
-0.500000 55 3 1 2 56 3 1 2 55 1 1 2 56 1 1 2
0.500000 55 1 1 2 56 1 1 2
-0.500000 119 3 1 2 120 3 1 2 119 1 1 2 120 1 1 2
0.500000 119 1 1 2 120 1 1 2
0.500000 55 3 1 2 56 3 1 2 57 3 1 2 58 3 1 2 59 3 1 2 60 3 1 2 61 3 1 2 62 3 1 2 63 3 1 2 55 1 1 2 63 1 1 2
-0.500000 56 3 1 2 57 3 1 2 58 3 1 2 59 3 1 2 60 3 1 2 61 3 1 2 62 3 1 2 55 1 1 2 63 1 1 2
0.500000 119 3 1 2 120 3 1 2 121 3 1 2 122 3 1 2 123 3 1 2 124 3 1 2 125 3 1 2 126 3 1 2 127 3 1 2 119 1 1 2 127 1 1 2
-0.500000 120 3 1 2 121 3 1 2 122 3 1 2 123 3 1 2 124 3 1 2 125 3 1 2 126 3 1 2 119 1 1 2 127 1 1 2
0.500000 56 3 1 2 57 3 1 2 58 3 1 2 59 3 1 2 60 3 1 2 61 3 1 2 62 3 1 2 63 3 1 2 64 3 1 2 56 1 1 2 64 1 1 2
-0.500000 57 3 1 2 58 3 1 2 59 3 1 2 60 3 1 2 61 3 1 2 62 3 1 2 63 3 1 2 56 1 1 2 64 1 1 2
0.500000 120 3 1 2 121 3 1 2 122 3 1 2 123 3 1 2 124 3 1 2 125 3 1 2 126 3 1 2 127 3 1 2 128 3 1 2 120 1 1 2 128 1 1 2
-0.500000 121 3 1 2 122 3 1 2 123 3 1 2 124 3 1 2 125 3 1 2 126 3 1 2 127 3 1 2 120 1 1 2 128 1 1 2
-0.500000 57 3 1 2 58 3 1 2 57 1 1 2 58 1 1 2
0.500000 57 1 1 2 58 1 1 2
-0.500000 121 3 1 2 122 3 1 2 121 1 1 2 122 1 1 2
0.500000 121 1 1 2 122 1 1 2
-0.500000 58 3 1 2 59 3 1 2 58 1 1 2 59 1 1 2
0.500000 58 1 1 2 59 1 1 2
-0.500000 122 3 1 2 123 3 1 2 122 1 1 2 123 1 1 2
0.500000 122 1 1 2 123 1 1 2
-0.500000 59 3 1 2 60 3 1 2 59 1 1 2 60 1 1 2
0.500000 59 1 1 2 60 1 1 2
-0.500000 123 3 1 2 124 3 1 2 123 1 1 2 124 1 1 2
0.500000 123 1 1 2 124 1 1 2
-0.500000 60 3 1 2 61 3 1 2 60 1 1 2 61 1 1 2
0.500000 60 1 1 2 61 1 1 2
-0.500000 124 3 1 2 125 3 1 2 124 1 1 2 125 1 1 2
0.500000 124 1 1 2 125 1 1 2
-0.500000 61 3 1 2 62 3 1 2 61 1 1 2 62 1 1 2
0.500000 61 1 1 2 62 1 1 2
-0.500000 125 3 1 2 126 3 1 2 125 1 1 2 126 1 1 2
0.500000 125 1 1 2 126 1 1 2
-0.500000 62 3 1 2 63 3 1 2 62 1 1 2 63 1 1 2
0.500000 62 1 1 2 63 1 1 2
-0.500000 126 3 1 2 127 3 1 2 126 1 1 2 127 1 1 2
0.500000 126 1 1 2 127 1 1 2
-0.500000 63 3 1 2 64 3 1 2 63 1 1 2 64 1 1 2
0.500000 63 1 1 2 64 1 1 2
-0.500000 127 3 1 2 128 3 1 2 127 1 1 2 128 1 1 2
0.500000 127 1 1 2 128 1 1 2
