4.500000 1 0 1 2
0.500000 1 3 1 2
0.500000 10 3 1 2
0.500000 1 3 1 2 10 3 1 2
0.500000 2 3 1 2
0.500000 11 3 1 2
0.500000 2 3 1 2 11 3 1 2
0.500000 3 3 1 2
0.500000 12 3 1 2
0.500000 3 3 1 2 12 3 1 2
0.500000 4 3 1 2
0.500000 13 3 1 2
0.500000 4 3 1 2 13 3 1 2
0.500000 5 3 1 2
0.500000 14 3 1 2
0.500000 5 3 1 2 14 3 1 2
0.500000 6 3 1 2
0.500000 15 3 1 2
0.500000 6 3 1 2 15 3 1 2
0.500000 7 3 1 2
0.500000 16 3 1 2
0.500000 7 3 1 2 16 3 1 2
0.500000 8 3 1 2
0.500000 17 3 1 2
0.500000 8 3 1 2 17 3 1 2
0.500000 9 3 1 2
0.500000 18 3 1 2
0.500000 9 3 1 2 18 3 1 2
-0.500000 1 3 1 2 2 3 1 2 1 1 1 2 2 1 1 2
0.500000 1 1 1 2 2 1 1 2
-0.500000 10 3 1 2 11 3 1 2 10 1 1 2 11 1 1 2
0.500000 10 1 1 2 11 1 1 2
0.500000 1 3 1 2 2 3 1 2 3 3 1 2 1 1 1 2 3 1 1 2
-0.500000 2 3 1 2 1 1 1 2 3 1 1 2
0.500000 10 3 1 2 11 3 1 2 12 3 1 2 10 1 1 2 12 1 1 2
-0.500000 11 3 1 2 10 1 1 2 12 1 1 2
0.500000 2 3 1 2 3 3 1 2 4 3 1 2 2 1 1 2 4 1 1 2
-0.500000 3 3 1 2 2 1 1 2 4 1 1 2
0.500000 11 3 1 2 12 3 1 2 13 3 1 2 11 1 1 2 13 1 1 2
-0.500000 12 3 1 2 11 1 1 2 13 1 1 2
-0.500000 2 3 1 2 3 3 1 2 4 3 1 2 5 3 1 2 2 1 1 2 5 1 1 2
0.500000 3 3 1 2 4 3 1 2 2 1 1 2 5 1 1 2
-0.500000 11 3 1 2 12 3 1 2 13 3 1 2 14 3 1 2 11 1 1 2 14 1 1 2
0.500000 12 3 1 2 13 3 1 2 11 1 1 2 14 1 1 2
-0.500000 3 3 1 2 4 3 1 2 3 1 1 2 4 1 1 2
0.500000 3 1 1 2 4 1 1 2
-0.500000 12 3 1 2 13 3 1 2 12 1 1 2 13 1 1 2
0.500000 12 1 1 2 13 1 1 2
0.500000 3 3 1 2 4 3 1 2 5 3 1 2 6 3 1 2 7 3 1 2 3 1 1 2 7 1 1 2
-0.500000 4 3 1 2 5 3 1 2 6 3 1 2 3 1 1 2 7 1 1 2
0.500000 12 3 1 2 13 3 1 2 14 3 1 2 15 3 1 2 16 3 1 2 12 1 1 2 16 1 1 2
-0.500000 13 3 1 2 14 3 1 2 15 3 1 2 12 1 1 2 16 1 1 2
0.500000 4 3 1 2 5 3 1 2 6 3 1 2 4 1 1 2 6 1 1 2
-0.500000 5 3 1 2 4 1 1 2 6 1 1 2
0.500000 13 3 1 2 14 3 1 2 15 3 1 2 13 1 1 2 15 1 1 2
-0.500000 14 3 1 2 13 1 1 2 15 1 1 2
0.500000 4 3 1 2 5 3 1 2 6 3 1 2 7 3 1 2 8 3 1 2 4 1 1 2 8 1 1 2
-0.500000 5 3 1 2 6 3 1 2 7 3 1 2 4 1 1 2 8 1 1 2
0.500000 13 3 1 2 14 3 1 2 15 3 1 2 16 3 1 2 17 3 1 2 13 1 1 2 17 1 1 2
-0.500000 14 3 1 2 15 3 1 2 16 3 1 2 13 1 1 2 17 1 1 2
-0.500000 5 3 1 2 6 3 1 2 5 1 1 2 6 1 1 2
0.500000 5 1 1 2 6 1 1 2
-0.500000 14 3 1 2 15 3 1 2 14 1 1 2 15 1 1 2
0.500000 14 1 1 2 15 1 1 2
-0.500000 6 3 1 2 7 3 1 2 8 3 1 2 9 3 1 2 6 1 1 2 9 1 1 2
0.500000 7 3 1 2 8 3 1 2 6 1 1 2 9 1 1 2
-0.500000 15 3 1 2 16 3 1 2 17 3 1 2 18 3 1 2 15 1 1 2 18 1 1 2
0.500000 16 3 1 2 17 3 1 2 15 1 1 2 18 1 1 2
-0.500000 7 3 1 2 8 3 1 2 7 1 1 2 8 1 1 2
0.500000 7 1 1 2 8 1 1 2
-0.500000 16 3 1 2 17 3 1 2 16 1 1 2 17 1 1 2
0.500000 16 1 1 2 17 1 1 2
-0.500000 8 3 1 2 9 3 1 2 8 1 1 2 9 1 1 2
0.500000 8 1 1 2 9 1 1 2
-0.500000 17 3 1 2 18 3 1 2 17 1 1 2 18 1 1 2
0.500000 17 1 1 2 18 1 1 2
